JoÆo
49;
20,50,20,50,75,20,20,20,
Carlos
Yp|r€
50,50,20,20,75,20,20,20,
Maria
7::
50,20,20,75,20,20,20,50,
Jose
<8:
50,20,20,75,20,20,20,50,
Michel
Rs¨#{xulr
20,50,20,50,20,20,20,75,
Ana
6;<8
50,20,20,75,20,50,20,20,
Eduardo
syw#~ohh€#km#qv
50,75,20,50,20,20,20,20,
Haniel
khvlsozwr|
75,50,50,20,20,20,20,20,
Vinnicius
4:
20,20,20,20,50,20,50,75,
Thalles
Dtiowd
20,20,75,20,20,20,50,50,
Rogerio
uj
21,21,38,37,19,82,76,96,
Italo
mvrr
30,6,6,68,30,6,31,46,
Milton
HZ:
16,14,18,89,42,14,44,24,